x	y = tg(x)	y = tg(x + pi()/2)
0	0	1,63246E+16
5	-3,380515006	0,295812916
10	0,648360827	-1,542351045
15	-0,855993401	1,168233305
20	2,237160944	-0,446995109
25	-0,133526407	7,489155309
30	-6,405331197	0,156119952
35	0,47381472	-2,110529616
40	-1,117214931	0,895082918
45	1,619775191	-0,617369624
50	-0,271900612	3,677814451
55	-45,18308791	0,022132175
60	0,320040389	-3,124605622
65	-1,470038258	0,680254405
70	1,221959918	-0,818357448
75	-0,420700951	2,376985359
80	9,003654946	-0,111066007
85	0,178870172	-5,59064704
90	-1,995200412	0,501202783
95	0,935752472	-1,068658678
100	-0,587213915	1,702956919
105	4,027801764	-0,248274384
110	0,044286042	-22,58047787
115	-2,901801354	0,344613527
120	0,71312301	-1,402282616
125	-0,782060569	1,278673341
130	2,532338427	-0,394891926
135	-0,088715757	11,2719548
140	-4,955371058	0,201801235
145	0,529205278	-1,889625902
150	-1,022346235	0,978142204
155	1,792654493	-0,557831977
160	-0,224906381	4,446294469
165	-15,04135305	0,066483381
170	0,369564387	-2,705888434
175	-1,338606048	0,747045781
180	1,33869021	-0,746998814
185	-0,369530126	2,70613931
190	15,04820623	-0,066453103
195	0,224938051	-4,445668469
200	-1,792527484	0,557871502
205	1,022407888	-0,97808322
210	-0,529166692	1,88976369
215	4,956141533	-0,201769863
220	0,088746138	-11,26809591
225	-2,532114992	0,394926772
230	0,782109151	-1,278593914
235	-0,713077537	1,40237204
240	2,902085353	-0,344579803
245	-0,044255839	22,59588844
250	-4,027282645	0,248306386
255	0,587254455	-1,702839361
260	-0,935695934	1,068723251
265	1,995350565	-0,501165067
270	-0,178839064	5,59161952
275	-9,001181796	0,111096523
280	0,420736431	-2,376784911
285	-1,221884765	0,818407781
290	1,470133549	-0,680210312
295	-0,320007158	3,124930101
300	45,24474207	-0,022102016
305	0,271932985	-3,677376613
310	-1,619665963	0,617411258
315	1,117282703	-0,895028624
320	-0,473777809	2,110694044
325	6,406598356	-0,156089073
330	0,133557089	-7,487434833
335	-2,236979943	0,447031277
340	0,856045634	-1,168162023
345	-0,648318012	1,542452903
350	3,380889675	-0,295780134
355	3,01444E-05	-33173,70878
360	-3,380140414	0,295845698
